Probability Matrix P for ring graph (n=20) - natural algorithm
P[i,j] = probability that node i contacts node j

[[0.  0.5 0.  0.  0.  0.  0.  0.  0.  0.  0.  0.  0.  0.  0.  0.  0.  0.  0.  0.5]
 [0.5 0.  0.5 0.  0.  0.  0.  0.  0.  0.  0.  0.  0.  0.  0.  0.  0.  0.  0.  0. ]
 [0.  0.5 0.  0.5 0.  0.  0.  0.  0.  0.  0.  0.  0.  0.  0.  0.  0.  0.  0.  0. ]
 [0.  0.  0.5 0.  0.5 0.  0.  0.  0.  0.  0.  0.  0.  0.  0.  0.  0.  0.  0.  0. ]
 [0.  0.  0.  0.5 0.  0.5 0.  0.  0.  0.  0.  0.  0.  0.  0.  0.  0.  0.  0.  0. ]
 [0.  0.  0.  0.  0.5 0.  0.5 0.  0.  0.  0.  0.  0.  0.  0.  0.  0.  0.  0.  0. ]
 [0.  0.  0.  0.  0.  0.5 0.  0.5 0.  0.  0.  0.  0.  0.  0.  0.  0.  0.  0.  0. ]
 [0.  0.  0.  0.  0.  0.  0.5 0.  0.5 0.  0.  0.  0.  0.  0.  0.  0.  0.  0.  0. ]
 [0.  0.  0.  0.  0.  0.  0.  0.5 0.  0.5 0.  0.  0.  0.  0.  0.  0.  0.  0.  0. ]
 [0.  0.  0.  0.  0.  0.  0.  0.  0.5 0.  0.5 0.  0.  0.  0.  0.  0.  0.  0.  0. ]
 [0.  0.  0.  0.  0.  0.  0.  0.  0.  0.5 0.  0.5 0.  0.  0.  0.  0.  0.  0.  0. ]
 [0.  0.  0.  0.  0.  0.  0.  0.  0.  0.  0.5 0.  0.5 0.  0.  0.  0.  0.  0.  0. ]
 [0.  0.  0.  0.  0.  0.  0.  0.  0.  0.  0.  0.5 0.  0.5 0.  0.  0.  0.  0.  0. ]
 [0.  0.  0.  0.  0.  0.  0.  0.  0.  0.  0.  0.  0.5 0.  0.5 0.  0.  0.  0.  0. ]
 [0.  0.  0.  0.  0.  0.  0.  0.  0.  0.  0.  0.  0.  0.5 0.  0.5 0.  0.  0.  0. ]
 [0.  0.  0.  0.  0.  0.  0.  0.  0.  0.  0.  0.  0.  0.  0.5 0.  0.5 0.  0.  0. ]
 [0.  0.  0.  0.  0.  0.  0.  0.  0.  0.  0.  0.  0.  0.  0.  0.5 0.  0.5 0.  0. ]
 [0.  0.  0.  0.  0.  0.  0.  0.  0.  0.  0.  0.  0.  0.  0.  0.  0.5 0.  0.5 0. ]
 [0.  0.  0.  0.  0.  0.  0.  0.  0.  0.  0.  0.  0.  0.  0.  0.  0.  0.5 0.  0.5]
 [0.5 0.  0.  0.  0.  0.  0.  0.  0.  0.  0.  0.  0.  0.  0.  0.  0.  0.  0.5 0. ]]
