Probability Matrix P for grid graph (n=20) - natural algorithm
P[i,j] = probability that node i contacts node j

[[0.    0.5   0.    0.    0.    0.5   0.    0.    0.    0.    0.    0.    0.    0.    0.    0.    0.    0.    0.    0.   ]
 [0.333 0.    0.333 0.    0.    0.    0.333 0.    0.    0.    0.    0.    0.    0.    0.    0.    0.    0.    0.    0.   ]
 [0.    0.333 0.    0.333 0.    0.    0.    0.333 0.    0.    0.    0.    0.    0.    0.    0.    0.    0.    0.    0.   ]
 [0.    0.    0.333 0.    0.333 0.    0.    0.    0.333 0.    0.    0.    0.    0.    0.    0.    0.    0.    0.    0.   ]
 [0.    0.    0.    0.5   0.    0.    0.    0.    0.    0.5   0.    0.    0.    0.    0.    0.    0.    0.    0.    0.   ]
 [0.333 0.    0.    0.    0.    0.    0.333 0.    0.    0.    0.333 0.    0.    0.    0.    0.    0.    0.    0.    0.   ]
 [0.    0.25  0.    0.    0.    0.25  0.    0.25  0.    0.    0.    0.25  0.    0.    0.    0.    0.    0.    0.    0.   ]
 [0.    0.    0.25  0.    0.    0.    0.25  0.    0.25  0.    0.    0.    0.25  0.    0.    0.    0.    0.    0.    0.   ]
 [0.    0.    0.    0.25  0.    0.    0.    0.25  0.    0.25  0.    0.    0.    0.25  0.    0.    0.    0.    0.    0.   ]
 [0.    0.    0.    0.    0.333 0.    0.    0.    0.333 0.    0.    0.    0.    0.    0.333 0.    0.    0.    0.    0.   ]
 [0.    0.    0.    0.    0.    0.333 0.    0.    0.    0.    0.    0.333 0.    0.    0.    0.333 0.    0.    0.    0.   ]
 [0.    0.    0.    0.    0.    0.    0.25  0.    0.    0.    0.25  0.    0.25  0.    0.    0.    0.25  0.    0.    0.   ]
 [0.    0.    0.    0.    0.    0.    0.    0.25  0.    0.    0.    0.25  0.    0.25  0.    0.    0.    0.25  0.    0.   ]
 [0.    0.    0.    0.    0.    0.    0.    0.    0.25  0.    0.    0.    0.25  0.    0.25  0.    0.    0.    0.25  0.   ]
 [0.    0.    0.    0.    0.    0.    0.    0.    0.    0.333 0.    0.    0.    0.333 0.    0.    0.    0.    0.    0.333]
 [0.    0.    0.    0.    0.    0.    0.    0.    0.    0.    0.5   0.    0.    0.    0.    0.    0.5   0.    0.    0.   ]
 [0.    0.    0.    0.    0.    0.    0.    0.    0.    0.    0.    0.333 0.    0.    0.    0.333 0.    0.333 0.    0.   ]
 [0.    0.    0.    0.    0.    0.    0.    0.    0.    0.    0.    0.    0.333 0.    0.    0.    0.333 0.    0.333 0.   ]
 [0.    0.    0.    0.    0.    0.    0.    0.    0.    0.    0.    0.    0.    0.333 0.    0.    0.    0.333 0.    0.333]
 [0.    0.    0.    0.    0.    0.    0.    0.    0.    0.    0.    0.    0.    0.    0.5   0.    0.    0.    0.5   0.   ]]
