Probability Matrix P for random graph (n=20) - natural algorithm
P[i,j] = probability that node i contacts node j

[[0.    0.    0.    0.    0.    0.2   0.2   0.    0.    0.    0.    0.2   0.    0.    0.    0.    0.    0.2   0.2   0.   ]
 [0.    0.    0.125 0.    0.125 0.    0.    0.    0.    0.125 0.125 0.    0.125 0.125 0.125 0.    0.    0.    0.    0.125]
 [0.    0.143 0.    0.143 0.143 0.143 0.    0.    0.    0.    0.143 0.    0.    0.    0.    0.    0.143 0.    0.    0.143]
 [0.    0.    0.5   0.    0.    0.    0.    0.    0.    0.    0.    0.    0.    0.    0.    0.    0.    0.    0.    0.5  ]
 [0.    0.25  0.25  0.    0.    0.    0.    0.    0.    0.    0.    0.25  0.25  0.    0.    0.    0.    0.    0.    0.   ]
 [0.2   0.    0.2   0.    0.    0.    0.2   0.    0.    0.    0.2   0.    0.2   0.    0.    0.    0.    0.    0.    0.   ]
 [0.2   0.    0.    0.    0.    0.2   0.    0.    0.2   0.2   0.    0.2   0.    0.    0.    0.    0.    0.    0.    0.   ]
 [0.    0.    0.    0.    0.    0.    0.    0.    0.    0.    0.    0.    0.    0.333 0.333 0.    0.    0.    0.333 0.   ]
 [0.    0.    0.    0.    0.    0.    0.333 0.    0.    0.    0.    0.333 0.    0.    0.333 0.    0.    0.    0.    0.   ]
 [0.    0.333 0.    0.    0.    0.    0.333 0.    0.    0.    0.333 0.    0.    0.    0.    0.    0.    0.    0.    0.   ]
 [0.    0.125 0.125 0.    0.    0.125 0.    0.    0.    0.125 0.    0.    0.125 0.    0.    0.125 0.125 0.    0.    0.125]
 [0.143 0.    0.    0.    0.143 0.    0.143 0.    0.143 0.    0.    0.    0.143 0.143 0.    0.    0.    0.    0.    0.143]
 [0.    0.125 0.    0.    0.125 0.125 0.    0.    0.    0.    0.125 0.125 0.    0.    0.125 0.    0.    0.125 0.    0.125]
 [0.    0.2   0.    0.    0.    0.    0.    0.2   0.    0.    0.    0.2   0.    0.    0.    0.2   0.2   0.    0.    0.   ]
 [0.    0.167 0.    0.    0.    0.    0.    0.167 0.167 0.    0.    0.    0.167 0.    0.    0.167 0.    0.    0.167 0.   ]
 [0.    0.    0.    0.    0.    0.    0.    0.    0.    0.    0.333 0.    0.    0.333 0.333 0.    0.    0.    0.    0.   ]
 [0.    0.    0.25  0.    0.    0.    0.    0.    0.    0.    0.25  0.    0.    0.25  0.    0.    0.    0.    0.25  0.   ]
 [0.5   0.    0.    0.    0.    0.    0.    0.    0.    0.    0.    0.    0.5   0.    0.    0.    0.    0.    0.    0.   ]
 [0.25  0.    0.    0.    0.    0.    0.    0.25  0.    0.    0.    0.    0.    0.    0.25  0.    0.25  0.    0.    0.   ]
 [0.    0.167 0.167 0.167 0.    0.    0.    0.    0.    0.    0.167 0.167 0.167 0.    0.    0.    0.    0.    0.    0.   ]]
